             precision    recall  f1-score   support

          1      0.858     0.938     0.896       400
          2      0.927     0.863     0.894       400
          3      0.980     0.990     0.985       400
          4      0.925     0.895     0.910       400

avg / total      0.923     0.921     0.921      1600
             precision    recall  f1-score   support

          1      0.837     0.938     0.884       400
          2      0.939     0.890     0.914       400
          3      0.982     0.978     0.980       400
          4      0.947     0.887     0.916       400

avg / total      0.926     0.923     0.924      1600
             precision    recall  f1-score   support

          1      0.874     0.917     0.895       400
          2      0.903     0.882     0.893       400
          3      0.973     0.988     0.980       400
          4      0.922     0.882     0.902       400

avg / total      0.918     0.917     0.917      1600
             precision    recall  f1-score   support

          1      0.872     0.920     0.895       400
          2      0.899     0.890     0.894       400
          3      0.985     0.993     0.989       400
          4      0.934     0.885     0.909       400

avg / total      0.923     0.922     0.922      1600
             precision    recall  f1-score   support

          1      0.876     0.922     0.899       400
          2      0.920     0.895     0.907       400
          3      0.973     0.980     0.976       400
          4      0.933     0.902     0.917       400

avg / total      0.926     0.925     0.925      1600
