             precision    recall  f1-score   support

          1      0.707     0.520     0.599       400
          2      0.510     0.487     0.499       400
          3      0.778     0.970     0.863       400
          4      0.595     0.632     0.613       400

avg / total      0.648     0.652     0.644      1600
             precision    recall  f1-score   support

          1      0.699     0.510     0.590       400
          2      0.499     0.485     0.492       400
          3      0.770     0.970     0.858       400
          4      0.588     0.610     0.599       400

avg / total      0.639     0.644     0.635      1600
             precision    recall  f1-score   support

          1      0.704     0.530     0.605       400
          2      0.523     0.485     0.503       400
          3      0.771     0.968     0.858       400
          4      0.592     0.630     0.610       400

avg / total      0.647     0.653     0.644      1600
             precision    recall  f1-score   support

          1      0.713     0.502     0.589       400
          2      0.507     0.468     0.486       400
          3      0.773     0.970     0.860       400
          4      0.588     0.657     0.621       400

avg / total      0.645     0.649     0.639      1600
             precision    recall  f1-score   support

          1      0.715     0.520     0.602       400
          2      0.510     0.500     0.505       400
          3      0.771     0.970     0.859       400
          4      0.601     0.623     0.612       400

avg / total      0.649     0.653     0.645      1600
