             precision    recall  f1-score   support

          1      0.801     0.868     0.833       400
          2      0.808     0.797     0.803       400
          3      0.965     0.978     0.971       400
          4      0.896     0.823     0.858       400

avg / total      0.868     0.866     0.866      1600
             precision    recall  f1-score   support

          1      0.795     0.845     0.819       400
          2      0.816     0.797     0.807       400
          3      0.961     0.975     0.968       400
          4      0.868     0.820     0.843       400

avg / total      0.860     0.859     0.859      1600
