             precision    recall  f1-score   support

          1      0.886     0.910     0.898       400
          2      0.901     0.865     0.883       400
          3      0.941     0.993     0.966       400
          4      0.937     0.897     0.917       400

avg / total      0.916     0.916     0.916      1600
             precision    recall  f1-score   support

          1      0.873     0.927     0.899       400
          2      0.919     0.885     0.902       400
          3      0.980     0.988     0.984       400
          4      0.922     0.892     0.907       400

avg / total      0.924     0.923     0.923      1600
             precision    recall  f1-score   support

          1      0.897     0.912     0.905       400
          2      0.895     0.920     0.908       400
          3      0.985     0.988     0.986       400
          4      0.940     0.895     0.917       400

avg / total      0.929     0.929     0.929      1600
             precision    recall  f1-score   support

          1      0.873     0.925     0.898       400
          2      0.926     0.873     0.898       400
          3      0.975     0.990     0.983       400
          4      0.924     0.907     0.916       400

avg / total      0.924     0.924     0.924      1600
             precision    recall  f1-score   support

          1      0.887     0.920     0.903       400
          2      0.908     0.892     0.900       400
          3      0.980     0.985     0.983       400
          4      0.941     0.917     0.929       400

avg / total      0.929     0.929     0.929      1600
