             precision    recall  f1-score   support

          1      0.884     0.932     0.908       400
          2      0.923     0.875     0.899       400
          3      0.980     0.993     0.986       400
          4      0.921     0.907     0.914       400

avg / total      0.927     0.927     0.927      1600
             precision    recall  f1-score   support

          1      0.878     0.917     0.897       400
          2      0.911     0.900     0.906       400
          3      0.985     0.975     0.980       400
          4      0.928     0.907     0.918       400

avg / total      0.926     0.925     0.925      1600
             precision    recall  f1-score   support

          1      0.872     0.917     0.894       400
          2      0.903     0.882     0.893       400
          3      0.971     0.988     0.979       400
          4      0.921     0.877     0.899       400

avg / total      0.917     0.916     0.916      1600
             precision    recall  f1-score   support

          1      0.877     0.912     0.895       400
          2      0.895     0.895     0.895       400
          3      0.985     0.990     0.988       400
          4      0.932     0.890     0.910       400

avg / total      0.922     0.922     0.922      1600
             precision    recall  f1-score   support

          1      0.880     0.920     0.900       400
          2      0.916     0.897     0.907       400
          3      0.973     0.978     0.975       400
          4      0.930     0.902     0.916       400

avg / total      0.925     0.924     0.924      1600
