             precision    recall  f1-score   support

          1     
		  0.904  ,   0.922 ,    0.913,       400
          2      
		  0.905   ,  0.900 ,    0.902  ,     400
          3      
		  0.988   ,  0.993  ,   0.990 ,      400
          4      
		  0.939    , 0.920 ,    0.929  ,     400

avg / total    
  0.934  ,   0.934 ,    0.934   ,   1600
             precision    recall  f1-score   support

          1     
		  0.905   ,  0.882 ,    0.894    ,   400
          2     
		  0.898  ,   0.860 ,    0.879   ,    400
          3     
		  0.936  ,   0.995 ,    0.965  ,     400
          4    
		  0.913    , 0.917  ,   0.915    ,   400

avg / total     
 0.913   ,  0.914   ,  0.913 ,     1600
             precision    recall  f1-score   support

          1      
		  0.843   ,  0.925  ,   0.882   ,    400
          2     
		  0.926  ,   0.877  ,   0.901  ,     400
          3     
		  0.971  ,   0.990   ,  0.980  ,     400
          4     
		  0.920   ,  0.860  ,   0.889  ,     400

avg / total    
		0.915  ,   0.913   ,  0.913   ,   1600
             precision    recall  f1-score   support

          1     

		  0.889   ,  0.905   ,  0.897  ,     400
          2    
		  0.890   ,  0.890   ,  0.890  ,     400
          3     
		  0.985  ,   0.983 ,    0.984  ,     400
          4  
		  0.934   ,  0.920  ,   0.927   ,    400

avg / total    
  0.925  ,   0.924  ,   0.924  ,    1600
             precision    recall  f1-score   support

          1     
		  0.873  ,   0.925   ,  0.898  ,     400
          2   
		  0.925  ,   0.897  ,   0.911  ,     400
          3   
		  0.973  ,   0.980    , 0.976  ,     400
          4      
		  0.932   ,  0.897  ,   0.915  ,     400

avg / total     
		0.926  ,   0.925 ,    0.925 ,     1600
